tree
version=v3
num_class=1
num_tree_per_iteration=1
label_index=0
max_feature_idx=7
objective=regression
feature_names=Column_0 Column_1 Column_2 Column_3 Column_4 Column_5 Column_6 Column_7
feature_infos=[1.3999999999999999:10.800000000000001] [6.2000000000000002:16.600000000000001] [1.6000000000000001:12.199999999999999] [6.4000000000000004:17.399999999999999] [6.2000000000000002:37] [8.5999999999999996:31] [6:37] [8.4000000000000004:35.399999999999999]
tree_sizes=1816 2117 1953 1608 1781 1956 1952 1868 2121 1868

Tree=0
num_leaves=21
num_cat=0
split_feature=1 0 0 4 0 4 7 2 1 7 0 1 4 5 5 7 5 2 2 5
split_gain=5.29128 1.23837 1.06523 2.29663 1.25211 1.00537 0.853944 0.984545 0.832144 1.20762 0.971264 1.06145 0.872034 0.682901 1.58018 1.03559 0.595238 0.584926 0.301045 0.25974
threshold=11.900000000000002 2.9000000000000004 5.1000000000000005 12.900000000000002 7.3000000000000016 16.100000000000005 19.700000000000006 4.1000000000000005 9.9000000000000021 21.700000000000006 4.1000000000000005 10.700000000000001 11.300000000000002 18.900000000000002 20.700000000000006 16.100000000000005 19.300000000000001 4.9000000000000012 6.1000000000000005 21.700000000000006
decision_type=2 2 2 2 2 2 2 2 2 2 2 2 2 2 2 2 2 2 2 2
left_child=1 -1 5 -4 13 8 7 -2 9 12 -10 -12 -3 15 -15 -5 -8 -7 -19 -9
right_child=6 2 3 4 -6 17 16 19 10 -11 11 -13 -14 14 -16 -17 -18 18 -20 -21
leaf_value=0.43268100312902047 0.43355221525023258 0.4298022152502326 0.43325049111230152 0.43067178046762389 0.4308022152502326 0.43146888191689925 0.43408792953594688 0.43251650096451827 0.4323884221467843 0.43191759986561717 0.43189898944378097 0.43054295599097331 0.43098865592819868 0.4331355485835659 0.4317376991212003 0.43199733720145211 0.4328974533454707 0.4328022152502326 0.43194507239308971 0.4318022152502326
leaf_weight=33 20 21 29 23 30 33 21 35 29 26 31 27 59 30 62 41 21 20 21 20
leaf_count=33 20 21 29 23 30 33 21 35 29 26 31 27 59 30 62 41 21 20 21 20
internal_value=0.431962 0.431744 0.43168 0.431942 0.431738 0.431469 0.432922 0.432602 0.431279 0.430981 0.431641 0.431268 0.430677 0.431918 0.432194 0.431521 0.433493 0.431964 0.432363 0.432257
internal_weight=0 515 482 215 186 267 117 75 193 106 87 58 80 156 92 64 42 74 41 55
internal_count=632 515 482 215 186 267 117 75 193 106 87 58 80 156 92 64 42 74 41 55
is_linear=0
shrinkage=1


Tree=1
num_leaves=23
num_cat=0
split_feature=2 7 5 5 3 3 5 3 3 4 6 7 4 5 5 4 6 3 7 2 2 2
split_gain=0.886375 1.18423 1.48465 1.33207 1.369 1.43078 2.08278 1.09212 1.04457 0.744522 0.75046 0.57887 1.46022 0.877753 0.648016 0.612592 0.5524 0.414746 0.407288 0.382785 0.362581 0.0997819
threshold=4.1000000000000005 19.700000000000006 15.500000000000002 17.100000000000005 10.100000000000001 10.900000000000002 20.700000000000006 9.7000000000000011 11.500000000000002 13.100000000000001 12.900000000000002 16.100000000000005 19.100000000000005 18.500000000000004 15.900000000000002 14.100000000000001 21.500000000000004 12.100000000000001 21.500000000000004 3.5000000000000004 5.5000000000000009 4.9000000000000012
decision_type=2 2 2 2 2 2 2 2 2 2 2 2 2 2 2 2 2 2 2 2 2 2
left_child=7 8 16 -4 -5 -6 -7 9 11 -1 -11 13 15 14 -2 20 18 -10 -3 -9 -13 -15
right_child=1 2 3 4 5 6 -8 19 17 10 -12 12 -14 21 -16 -17 -18 -19 -20 -21 -22 -23
leaf_value=0.0006966612328376089 -1.4280194327944802e-05 0.0005668397586454045 -0.00098337276455234086 0.00091496099264193808 -0.0011982493618359932 0.0010722039026372573 -0.0006208894955806244 0.00045843662960188728 0.00079528568820519884 -0.00079394119707020851 0.00034189597918437079 -0.0010479256289976614 0.00034046404063701628 9.0438060462474834e-05 -0.0011951863593780078 -0.0015176201439820803 0.00011075375432317908 -7.610464675558938e-05 0.0014912047007909189 0.0013585075680856351 -0.00015969705581665041 0.00058989262580871578
leaf_weight=28 21 22 34 39 26 34 39 21 22 33 26 27 24 20 26 39 22 36 26 27 20 20
leaf_count=28 21 22 34 39 26 34 39 21 22 33 26 27 24 20 26 39 22 36 26 27 20 20
internal_value=0 -9.75908e-05 0.000152946 -9.68921e-05 0.000121516 -0.000191053 0.000167675 0.000359279 -0.000335355 2.52385e-05 -0.000293403 -0.000508995 -0.000750036 -0.000204231 -0.000667547 -0.00105436 0.000766834 0.000254423 0.00106754 0.000964727 -0.000669956 0.000340165
internal_weight=0 497 242 172 138 99 73 135 255 87 59 197 110 87 47 86 70 58 48 48 47 40
internal_count=632 497 242 172 138 99 73 135 255 87 59 197 110 87 47 86 70 58 48 48 47 40
is_linear=0
shrinkage=0.005


Tree=2
num_leaves=21
num_cat=0
split_feature=0 0 5 3 5 5 5 6 7 2 2 6 3 2 3 0 2 2 2 5
split_gain=1.58685 1.49423 1.29774 1.25336 1.10982 0.978027 1.20117 1.52646 1.3942 0.824251 1.08875 1.00294 1.5875 0.970104 0.940293 0.572101 0.487553 0.460811 0.365919 0.357402
threshold=5.3000000000000016 2.9000000000000004 26.900000000000002 12.700000000000001 24.500000000000004 21.100000000000005 18.500000000000004 14.100000000000001 16.700000000000006 4.1000000000000005 4.9000000000000012 20.500000000000004 10.500000000000002 3.7000000000000006 9.5000000000000018 4.1000000000000005 6.3000000000000016 4.5000000000000009 4.7000000000000002 17.500000000000004
decision_type=2 2 2 2 2 2 2 2 2 2 2 2 2 2 2 2 2 2 2 2
left_child=1 -1 3 4 5 6 7 -2 -8 13 14 12 -12 19 -11 -14 -13 -16 -7 -3
right_child=2 9 -4 -5 -6 18 8 -9 -10 10 11 16 15 -15 17 -17 -18 -19 -20 -21
leaf_value=0.00077627724146141718 -0.0010447349426922976 -0.00069937526558836295 -0.0008525746672049813 0.0012662154180662975 0.0012381450772285462 1.4507232800773952e-05 0.0017921049272020659 0.00044133913392821944 0.00027473571096978534 -0.00019185747419084821 0.00093028920976554645 -0.00025584611864317032 0.0003387686271559109 0.00096355428298314412 -0.00085907255057935371 -0.00060175368043242905 -0.0012636830657720567 -0.0017828437851534951 -0.00082374688982963563 0.00014676247078638811
leaf_weight=34 27 24 23 35 25 23 24 48 41 28 34 21 22 24 27 61 28 27 30 26
leaf_count=34 27 24 23 35 25 23 24 48 41 28 34 21 22 24 27 61 28 27 30 26
internal_value=0 -0.000220602 0.000284545 0.000387919 0.000246908 0.00011851 0.000337508 -9.36475e-05 0.000834995 -0.000325863 -0.000464048 -0.000231206 2.03057e-05 0.000137245 -0.000935412 -0.000352459 -0.000831753 -0.00132096 -0.000459976 -0.000259384
internal_weight=0 356 276 253 218 193 140 75 65 322 248 166 117 74 82 83 49 54 53 50
internal_count=632 356 276 253 218 193 140 75 65 322 248 166 117 74 82 83 49 54 53 50
is_linear=0
shrinkage=0.005


Tree=3
num_leaves=17
num_cat=0
split_feature=1 5 3 6 7 7 2 2 2 1 2 2 3 3 7 1
split_gain=5.22189 0.93661 1.2042 1.23901 1.10894 0.840412 0.964699 0.718459 1.15775 0.717426 0.703318 0.591745 0.591692 0.487664 0.425049 0.0255304
threshold=11.900000000000002 22.100000000000005 13.300000000000002 20.500000000000004 22.700000000000006 19.700000000000006 4.5000000000000009 4.1000000000000005 3.7000000000000006 10.100000000000001 4.9000000000000012 6.3000000000000016 11.300000000000002 10.500000000000002 18.300000000000001 9.9000000000000021
decision_type=2 2 2 2 2 2 2 2 2 2 2 2 2 2 2 2
left_child=1 2 3 4 7 6 -2 8 -1 -3 -9 -5 -7 -8 -11 -6
right_child=5 9 -4 11 15 12 13 10 -10 14 -12 -13 -14 -15 -16 -17
leaf_value=-0.00020447829738259315 0.0013309325724840165 -0.00018840841271660546 0.00091456551391344803 -0.00035443553494082558 0.00083746983855962753 0.002113273534036818 -0.00040853163599967958 -0.00066903351263685547 0.000960313337855041 -0.00065717696398496627 -8.4031630875700607e-05 -0.0012742398372467825 0.00092634888631956919 0.00063896254301071167 -0.0016756665493760788 0.00058483181893825527
leaf_weight=64 30 33 26 36 20 21 20 91 32 20 118 34 21 25 21 20
leaf_count=64 30 33 26 36 20 21 20 91 32 20 118 34 21 25 21 20
internal_value=0 -0.000216628 -0.000129282 -0.00019468 -7.16184e-05 0.000953534 0.000636419 -0.000174277 0.000183786 -0.000737162 -0.000338745 -0.000801198 0.00151981 0.00017341 -0.00117884 0.000711151
internal_weight=0 515 441 415 345 117 75 305 96 74 209 70 42 45 41 40
internal_count=632 515 441 415 345 117 75 305 96 74 209 70 42 45 41 40
is_linear=0
shrinkage=0.005


Tree=4
num_leaves=19
num_cat=0
split_feature=1 5 3 7 2 5 5 2 7 5 4 4 5 1 1 5 7 5
split_gain=5.16981 0.927268 1.19219 0.832029 0.95554 0.774448 1.16613 1.28891 1.22669 1.08479 0.818333 1.20298 1.16991 0.71027 0.654385 0.586702 0.420809 0.256474
threshold=11.900000000000002 22.100000000000005 13.300000000000002 19.700000000000006 4.1000000000000005 19.500000000000004 15.500000000000002 6.3000000000000016 21.100000000000005 17.100000000000005 13.300000000000002 20.900000000000002 20.300000000000001 10.100000000000001 8.7000000000000011 19.300000000000001 18.300000000000001 21.700000000000006
decision_type=2 2 2 2 2 2 2 2 2 2 2 2 2 2 2 2 2 2
left_child=1 2 5 4 -2 6 8 9 14 -8 -7 12 -12 -3 -1 -5 -15 -6
right_child=3 13 -4 15 17 10 7 -9 -10 -11 11 -13 -14 16 -16 -17 -18 -19
leaf_value=0.00044413351416587832 0.0015691382735967636 -0.00018746636582143378 0.0009099926914160069 0.0021031667150202254 0.00055101069382258825 -0.00063794709418130949 -0.00088288154866960321 -0.0015088069631207374 0.00080917759521587475 -1.4937566149802437e-05 8.9932200701340386e-06 -0.00049187360952297841 0.0015078471799691519 -0.00065389107167720798 -0.0004899509449799856 0.00092125759947867621 -0.0016672882224832261 -0.00015876943618059157
leaf_weight=25 20 33 26 21 35 23 63 31 37 84 23 24 30 20 75 21 21 20
leaf_count=25 20 33 26 21 35 23 63 31 37 84 23 24 30 20 75 21 21 20
internal_value=0 -0.000215545 -0.000128636 0.000948766 0.000633237 -0.000193707 -0.000315405 -0.000582299 3.1362e-05 -0.000386914 0.000189645 0.000436848 0.000857401 -0.000733477 -0.00025643 0.00151221 -0.00117295 0.000292909
internal_weight=0 515 441 117 75 415 315 178 137 147 100 77 53 74 100 42 41 55
internal_count=632 515 441 117 75 415 315 178 137 147 100 77 53 74 100 42 41 55
is_linear=0
shrinkage=0.005


Tree=5
num_leaves=21
num_cat=0
split_feature=0 4 0 3 2 2 4 2 3 6 4 2 5 6 4 6 0 0 0 4
split_gain=1.56296 1.85595 1.47925 1.34733 0.810636 1.07095 1.18828 0.951901 0.93064 0.768015 0.976188 1.28312 0.92047 0.740939 0.543422 0.543116 0.516308 0.593991 0.483744 0.361734
threshold=5.3000000000000016 12.900000000000002 2.9000000000000004 12.700000000000001 4.1000000000000005 4.9000000000000012 17.700000000000006 3.7000000000000006 9.5000000000000018 14.500000000000002 16.900000000000002 4.1000000000000005 24.500000000000004 23.900000000000002 13.500000000000002 15.700000000000001 6.7000000000000002 5.9000000000000012 4.1000000000000005 13.900000000000002
decision_type=2 2 2 2 2 2 2 2 2 2 2 2 2 2 2 2 2 2 2 2
left_child=2 15 -1 9 7 8 13 19 -6 10 -3 -12 16 18 -10 -2 17 -11 -7 -4
right_child=1 3 4 -5 5 6 -8 -9 14 12 11 -13 -14 -15 -16 -17 -18 -19 -20 -21
leaf_value=0.00077293555087902966 0.0017425110353075941 0.00020751126502689562 0.00015131092415406156 0.0011065220164841619 -0.00018847135028668812 0.00020737448413121076 0.00067093409597873688 0.00095412076761325197 -0.0019166917489333588 -0.00021708925565083821 1.2178984673126884e-05 -0.0015949209807095705 0.0011709559531438917 -0.0011875655559393076 -0.00089587153401225804 0.00065591684502104054 -0.00063795499827550809 0.00071161215504010513 -0.00048992008591691651 -0.00069993939871589353
leaf_weight=34 23 38 26 29 28 38 30 24 22 36 23 27 21 26 32 23 23 33 72 24
leaf_count=34 23 38 26 29 28 38 30 24 22 36 23 27 21 26 32 23 23 33 72 24
internal_value=0 0.000282394 -0.000218935 9.90301e-05 -0.000323666 -0.000460706 -0.000229775 0.0001356 -0.000928199 -4.63295e-05 -0.00039656 -0.000855655 0.000226417 -0.000428461 -0.00131176 0.00119921 1.08155e-05 0.000227072 -0.000249037 -0.000257289
internal_weight=0 276 356 230 322 248 166 74 82 201 88 50 113 136 54 46 92 69 110 50
internal_count=632 276 356 230 322 248 166 74 82 201 88 50 113 136 54 46 92 69 110 50
is_linear=0
shrinkage=0.005


Tree=6
num_leaves=21
num_cat=0
split_feature=1 0 0 4 0 4 1 7 0 1 4 7 2 3 0 3 2 7 3 3
split_gain=5.09963 1.19739 1.03638 2.24936 1.2221 0.986487 0.824218 1.19374 0.953455 1.03604 0.867117 0.821816 0.949796 0.743381 2.19693 0.584702 0.570138 0.509288 0.483336 0.297899
threshold=11.900000000000002 2.9000000000000004 5.1000000000000005 12.900000000000002 7.3000000000000016 16.100000000000005 9.9000000000000021 21.700000000000006 4.1000000000000005 10.700000000000001 11.300000000000002 19.700000000000006 4.5000000000000009 10.700000000000001 6.1000000000000005 11.300000000000002 4.9000000000000012 19.900000000000002 10.500000000000002 10.700000000000001
decision_type=2 2 2 2 2 2 2 2 2 2 2 2 2 2 2 2 2 2 2 2
left_child=1 -1 5 -4 13 6 7 10 -8 -10 -3 12 -2 17 -15 -13 -7 -5 -14 -18
right_child=11 2 3 4 -6 16 8 -9 9 -11 -12 15 18 14 -16 -17 19 -19 -20 -21
leaf_value=0.00070733036055709378 0.0013178457419077555 -0.002144442250331243 0.001276413561968968 -0.00059507091758681128 -0.0011449377934137982 -0.00048358303127866807 0.00042750911466006575 -3.8677144509095414e-05 -5.9202866208168764e-05 -0.0013989074031511941 -0.00096135135676901227 0.0020922283402511053 -0.0004100548774003983 -0.0004063370260032448 0.001490195938027822 0.00091233539439383011 0.00083607286214828493 0.00018377818167209626 0.00063278099298477177 -1.6579500266483852e-05
leaf_weight=33 30 21 29 61 30 33 29 26 31 27 59 21 20 37 26 21 20 32 25 21
leaf_count=33 30 21 29 61 30 33 29 26 31 27 59 21 20 37 26 21 20 32 25 21
internal_value=0 -0.000214077 -0.000277161 -1.87904e-05 -0.000220731 -0.000485212 -0.000673402 -0.000969421 -0.000312736 -0.000682858 -0.00127191 0.000942305 0.000628717 -4.29987e-05 0.000376359 0.00150228 5.60875e-06 -0.00032708 0.000169298 0.000399348
internal_weight=0 515 482 215 186 267 193 106 87 58 80 117 75 156 63 42 74 93 45 41
internal_count=632 515 482 215 186 267 193 106 87 58 80 117 75 156 63 42 74 93 45 41
is_linear=0
shrinkage=0.005


Tree=7
num_leaves=20
num_cat=0
split_feature=1 0 0 4 0 4 1 0 1 3 0 3 5 5 5 3 6 6 0
split_gain=5.04876 1.18545 1.02604 2.22693 1.20991 0.976647 0.815996 0.943944 1.0257 0.735966 2.17501 0.702448 0.590351 0.564966 0.351496 0.304875 1.01366 0.992198 0.152382
threshold=11.900000000000002 2.9000000000000004 5.1000000000000005 12.900000000000002 7.3000000000000016 16.100000000000005 9.9000000000000021 4.1000000000000005 10.700000000000001 10.700000000000001 6.1000000000000005 8.9000000000000021 18.700000000000006 18.700000000000006 16.300000000000001 11.700000000000001 15.900000000000002 12.100000000000001 4.5000000000000009
decision_type=2 2 2 2 2 2 2 2 2 2 2 2 2 2 2 2 2 2 2
left_child=1 -1 5 -4 9 6 11 -8 -9 13 -11 -3 18 -5 -13 16 17 -2 -7
right_child=15 2 3 4 -6 12 7 8 -10 10 -12 14 -14 -15 -16 -17 -18 -19 -20
leaf_value=0.00070379370541283587 0.0011514460827623096 -0.00019136072500892308 0.0012700315128112661 -0.00077403223887085909 -0.0011392130901416145 0.0007037141138599032 0.00042537157905512846 -5.8906837817161318e-05 -0.0013919128477573395 -0.00040430535738532607 0.0014827449734394365 -0.00086501314543014349 -0.00049220728151725996 1.311238925412016e-05 -0.0015161991827189923 0.0013627079850242986 0.0014240889002879462 -0.00027562503156990841 9.389081597328186e-05
leaf_weight=33 21 23 29 40 30 21 29 31 27 37 26 43 33 53 40 31 36 29 20
leaf_count=33 21 23 29 40 30 21 29 31 27 37 26 43 33 53 40 31 36 29 20
internal_value=0 -0.000213007 -0.000275775 -1.86965e-05 -0.000219627 -0.000482786 -0.000670035 -0.000311172 -0.000679444 -4.27837e-05 0.000374477 -0.000964574 5.58071e-06 -0.000325444 -0.00117884 0.000937593 0.000784354 0.000323745 0.000406239
internal_weight=0 515 482 215 186 267 193 87 58 156 63 106 74 93 83 117 86 50 41
internal_count=632 515 482 215 186 267 193 87 58 156 63 106 74 93 83 117 86 50 41
is_linear=0
shrinkage=0.005


Tree=8
num_leaves=23
num_cat=0
split_feature=2 7 5 5 3 3 5 3 3 4 6 7 4 5 5 4 6 3 7 2 2 2
split_gain=0.863701 1.13686 1.44519 1.29512 1.33967 1.39198 2.05323 1.06411 1.01583 0.722877 0.735792 0.572354 1.42923 0.853796 0.639909 0.59774 0.537314 0.418645 0.394176 0.375674 0.353153 0.0983728
threshold=4.1000000000000005 19.700000000000006 15.500000000000002 17.100000000000005 10.100000000000001 10.900000000000002 20.700000000000006 9.7000000000000011 11.500000000000002 13.100000000000001 12.900000000000002 16.100000000000005 19.100000000000005 18.500000000000004 15.900000000000002 14.100000000000001 21.500000000000004 12.100000000000001 21.500000000000004 3.5000000000000004 5.5000000000000009 4.9000000000000012
decision_type=2 2 2 2 2 2 2 2 2 2 2 2 2 2 2 2 2 2 2 2 2 2
left_child=7 8 16 -4 -5 -6 -7 9 11 -1 -11 13 15 14 -2 20 18 -10 -3 -9 -13 -15
right_child=1 2 3 4 5 6 -8 19 17 10 -12 12 -14 21 -16 -17 -18 -19 -20 -21 -22 -23
leaf_value=0.0006865152876291957 -5.2671418303535095e-06 0.00055881385776129636 -0.0009714548947180019 0.00090290395877300157 -0.0011846444927729094 0.0010607192007934347 -0.00062032205554155202 0.00045072322800045927 0.00079571003263646909 -0.0007846740475206664 0.00034000840324621934 -0.0010345958559601395 0.00033865911265214287 9.1472908854484572e-05 -0.0011787638412072109 -0.0014988982066130028 0.00010775727304545317 -7.9766429132885417e-05 0.0014681780567535989 0.0013423945175276863 -0.00015799213945865632 0.00058738819509744644
leaf_weight=28 21 22 34 39 26 34 39 21 22 33 26 27 24 20 26 39 22 36 26 27 20 20
leaf_count=28 21 22 34 39 26 34 39 21 22 33 26 27 24 20 26 39 22 36 26 27 20 20
internal_value=0 -9.63345e-05 0.000149141 -9.73551e-05 0.000118003 -0.000191201 0.000162629 0.000354654 -0.000329296 2.49242e-05 -0.000289051 -0.00050053 -0.00074021 -0.000197486 -0.000654436 -0.00104129 0.000754817 0.000252311 0.00105139 0.000952288 -0.000661573 0.000339431
internal_weight=0 497 242 172 138 99 73 135 255 87 59 197 110 87 47 86 70 58 48 48 47 40
internal_count=632 497 242 172 138 99 73 135 255 87 59 197 110 87 47 86 70 58 48 48 47 40
is_linear=0
shrinkage=0.005


Tree=9
num_leaves=20
num_cat=0
split_feature=1 0 0 4 0 4 1 0 1 3 0 3 2 2 6 4 2 0 6
split_gain=4.99498 1.17013 1.01367 2.19764 1.19625 0.967593 0.807234 0.932722 1.01128 0.724147 2.15517 0.694794 0.569588 0.565366 1.01883 0.504164 0.428671 0.54573 0.306873
threshold=11.900000000000002 2.9000000000000004 5.1000000000000005 12.900000000000002 7.3000000000000016 16.100000000000005 9.9000000000000021 4.1000000000000005 10.700000000000001 10.700000000000001 6.1000000000000005 8.9000000000000021 4.1000000000000005 4.9000000000000012 16.900000000000002 16.100000000000005 6.1000000000000005 6.3000000000000016 18.100000000000005
decision_type=2 2 2 2 2 2 2 2 2 2 2 2 2 2 2 2 2 2 2
left_child=1 -1 5 -4 9 6 11 -8 -9 15 -11 -3 -2 -7 -15 -5 17 -14 -13
right_child=12 2 3 4 -6 13 7 8 -10 10 -12 18 16 14 -16 -17 -18 -19 -20
leaf_value=0.00069898914658662046 0.001657536436210979 -0.00019033270037692527 0.0012615178679597789 0.00025272649195459153 -0.0011326896200577418 -0.0004810323227535595 0.00042271412138281204 -5.9355790576627177e-05 -0.001382955417588905 -0.00040379476305600756 0.0014746275888039514 -0.00095549100095575505 0.00087558696667353313 0.0011673869547389802 -0.00040945398062467575 -0.00055831566904530384 0.0011852200852858054 -0.00012397638776085596 -0.0015985166653990745
leaf_weight=33 22 23 29 27 30 33 29 31 27 37 26 55 36 21 20 66 37 22 28
leaf_count=33 22 23 29 27 30 33 29 31 27 37 26 55 36 21 20 66 37 22 28
internal_value=0 -0.000211869 -0.000274231 -1.87069e-05 -0.000218312 -0.00047999 -0.000666369 -0.000309438 -0.000675514 -4.24699e-05 0.000371427 -0.000959322 0.000932586 6.10783e-06 0.000398196 -0.000322852 0.000764703 0.000496442 -0.00117242
internal_weight=0 515 482 215 186 267 193 87 58 156 63 106 117 74 41 93 95 58 83
internal_count=632 515 482 215 186 267 193 87 58 156 63 106 117 74 41 93 95 58 83
is_linear=0
shrinkage=0.005


end of trees

feature_importances:
Column_2=33
Column_5=31
Column_0=29
Column_3=28
Column_4=24
Column_7=19
Column_1=18
Column_6=14

parameters:
[boosting: gbdt]
[objective: regression]
[metric: rmse]
[tree_learner: serial]
[device_type: cpu]
[linear_tree: 0]
[data: ]
[valid: ]
[num_iterations: 10]
[learning_rate: 0.005]
[num_leaves: 128]
[num_threads: 0]
[deterministic: 0]
[force_col_wise: 0]
[force_row_wise: 0]
[histogram_pool_size: -1]
[max_depth: 7]
[min_data_in_leaf: 20]
[min_sum_hessian_in_leaf: 0.001]
[bagging_fraction: 1]
[pos_bagging_fraction: 1]
[neg_bagging_fraction: 1]
[bagging_freq: 0]
[bagging_seed: 3]
[feature_fraction: 0.7]
[feature_fraction_bynode: 1]
[feature_fraction_seed: 2]
[extra_trees: 0]
[extra_seed: 6]
[early_stopping_round: 0]
[first_metric_only: 0]
[max_delta_step: 0]
[lambda_l1: 0]
[lambda_l2: 0]
[linear_lambda: 0]
[min_gain_to_split: 0]
[drop_rate: 0.1]
[max_drop: 50]
[skip_drop: 0.5]
[xgboost_dart_mode: 0]
[uniform_drop: 0]
[drop_seed: 4]
[top_rate: 0.2]
[other_rate: 0.1]
[min_data_per_group: 100]
[max_cat_threshold: 32]
[cat_l2: 10]
[cat_smooth: 10]
[max_cat_to_onehot: 4]
[top_k: 20]
[monotone_constraints: ]
[monotone_constraints_method: basic]
[monotone_penalty: 0]
[feature_contri: ]
[forcedsplits_filename: ]
[refit_decay_rate: 0.9]
[cegb_tradeoff: 1]
[cegb_penalty_split: 0]
[cegb_penalty_feature_lazy: ]
[cegb_penalty_feature_coupled: ]
[path_smooth: 0]
[interaction_constraints: ]
[verbosity: 1]
[saved_feature_importance_type: 0]
[max_bin: 255]
[max_bin_by_feature: ]
[min_data_in_bin: 3]
[bin_construct_sample_cnt: 200000]
[data_random_seed: 1]
[is_enable_sparse: 1]
[enable_bundle: 1]
[use_missing: 1]
[zero_as_missing: 0]
[feature_pre_filter: 1]
[pre_partition: 0]
[two_round: 0]
[header: 0]
[label_column: ]
[weight_column: ]
[group_column: ]
[ignore_column: ]
[categorical_feature: ]
[forcedbins_filename: ]
[objective_seed: 5]
[num_class: 1]
[is_unbalance: 0]
[scale_pos_weight: 1]
[sigmoid: 1]
[boost_from_average: 1]
[reg_sqrt: 0]
[alpha: 0.9]
[fair_c: 1]
[poisson_max_delta_step: 0.7]
[tweedie_variance_power: 1.5]
[lambdarank_truncation_level: 30]
[lambdarank_norm: 1]
[label_gain: ]
[eval_at: ]
[multi_error_top_k: 1]
[auc_mu_weights: ]
[num_machines: 1]
[local_listen_port: 12400]
[time_out: 120]
[machine_list_filename: ]
[machines: ]
[gpu_platform_id: -1]
[gpu_device_id: -1]
[gpu_use_dp: 0]
[num_gpu: 1]

end of parameters

pandas_categorical:null
